Kp,Velo,Bz,dens
0.0,369.0,4.5,3.299999952316284
2.299999952316284,394.0,-3.5,13.100000381469727
1.2999999523162842,411.0,1.100000023841858,9.800000190734863
2.299999952316284,385.0,-2.0,8.699999809265137
1.0,352.0,-2.0,4.099999904632568
2.0,378.0,-3.0,3.200000047683716
3.299999952316284,352.0,-4.800000190734863,11.199999809265137
3.299999952316284,359.0,-7.0,12.100000381469727
2.700000047683716,448.0,1.0,7.800000190734863
0.699999988079071,411.0,0.5,3.700000047683716
0.699999988079071,374.0,5.800000190734863,6.400000095367432
1.2999999523162842,318.0,-4.0,6.800000190734863
1.0,371.0,7.900000095367432,2.9000000953674316
1.0,353.0,1.399999976158142,6.099999904632568
1.0,340.0,-0.699999988079071,6.699999809265137
3.0,358.0,-6.400000095367432,4.900000095367432
0.30000001192092896,431.0,3.5,3.4000000953674316
0.0,433.0,3.5,3.700000047683716
0.30000001192092896,356.0,5.699999809265137,0.699999988079071
0.30000001192092896,350.0,2.799999952316284,5.699999809265137
3.0,703.0,4.699999809265137,1.7000000476837158
0.30000001192092896,384.0,3.9000000953674316,4.400000095367432
1.0,323.0,-0.6000000238418579,6.0
2.700000047683716,447.0,5.300000190734863,9.300000190734863
3.299999952316284,409.0,-1.0,12.199999809265137
1.7000000476837158,344.0,-4.400000095367432,8.100000381469727
3.0,586.0,2.0,8.199999809265137
4.0,450.0,-4.699999809265137,2.200000047683716
4.300000190734863,493.0,1.100000023841858,9.199999809265137
3.0,491.0,-0.5,5.300000190734863
0.30000001192092896,422.0,4.300000190734863,6.599999904632568
2.299999952316284,396.0,-4.199999809265137,6.099999904632568
2.700000047683716,388.0,2.0999999046325684,10.899999618530273
5.300000190734863,352.0,0.0,6.900000095367432
2.700000047683716,531.0,1.100000023841858,1.2000000476837158
1.2999999523162842,385.0,0.8999999761581421,3.0999999046325684
2.0,390.0,3.9000000953674316,10.699999809265137
1.0,335.0,-0.8999999761581421,7.400000095367432
1.2999999523162842,423.0,-1.0,7.800000190734863
0.30000001192092896,358.0,2.5,3.200000047683716
0.30000001192092896,352.0,3.299999952316284,5.199999809265137
2.700000047683716,384.0,-4.099999904632568,9.399999618530273
0.30000001192092896,436.0,1.100000023841858,3.5
3.0,422.0,0.6000000238418579,9.800000190734863
4.300000190734863,431.0,1.7000000476837158,7.5
2.0,443.0,4.099999904632568,6.300000190734863
3.700000047683716,474.0,-4.800000190734863,1.5
5.300000190734863,621.0,-4.0,2.5
4.0,544.0,5.400000095367432,12.100000381469727
2.700000047683716,379.0,2.700000047683716,10.800000190734863
2.0,351.0,1.7000000476837158,13.800000190734863
0.699999988079071,356.0,4.5,9.899999618530273
4.300000190734863,425.0,-7.5,8.100000381469727
5.0,413.0,-7.5,7.900000095367432
4.699999809265137,423.0,-4.0,6.300000190734863
2.700000047683716,405.0,-3.5999999046325684,4.0
3.0,495.0,-2.799999952316284,2.4000000953674316
2.700000047683716,540.0,3.4000000953674316,2.5
1.0,308.0,6.5,14.199999809265137
2.700000047683716,479.0,5.199999809265137,10.300000190734863
3.700000047683716,368.0,-4.400000095367432,9.5
3.700000047683716,524.0,-1.7999999523162842,2.0999999046325684
4.300000190734863,458.0,-1.5,6.0
0.0,387.0,3.0999999046325684,3.5999999046325684
1.0,457.0,4.199999809265137,4.599999904632568
3.700000047683716,484.0,3.4000000953674316,7.800000190734863
0.699999988079071,444.0,0.800000011920929,6.800000190734863
2.299999952316284,390.0,0.5,9.800000190734863
5.300000190734863,691.0,0.4000000059604645,4.099999904632568
3.0,576.0,-2.4000000953674316,4.599999904632568
3.0,501.0,-1.0,5.099999904632568
0.30000001192092896,406.0,0.30000001192092896,5.099999904632568
4.699999809265137,608.0,2.5,3.0999999046325684
3.0,673.0,0.8999999761581421,1.5
5.699999809265137,757.0,-4.900000095367432,2.5999999046325684
1.2999999523162842,454.0,6.0,12.199999809265137
5.0,588.0,-0.699999988079071,6.800000190734863
1.7000000476837158,579.0,-1.399999976158142,1.899999976158142
4.300000190734863,460.0,0.30000001192092896,6.699999809265137
2.700000047683716,416.0,-5.0,6.599999904632568
1.7000000476837158,391.0,-3.0,8.699999809265137
0.30000001192092896,395.0,5.099999904632568,7.099999904632568
4.0,495.0,2.799999952316284,9.600000381469727
2.299999952316284,606.0,2.700000047683716,3.9000000953674316
4.0,539.0,-3.0,8.399999618530273
3.0,449.0,2.799999952316284,12.399999618530273
5.0,511.0,-4.599999904632568,6.5
3.299999952316284,474.0,-3.4000000953674316,4.300000190734863
4.0,472.0,-3.0999999046325684,5.699999809265137
4.0,540.0,-5.900000095367432,5.599999904632568
3.299999952316284,422.0,-2.9000000953674316,6.300000190734863
3.299999952316284,393.0,-2.299999952316284,8.600000381469727
1.2999999523162842,434.0,4.199999809265137,6.300000190734863
2.299999952316284,500.0,2.799999952316284,9.100000381469727
4.699999809265137,653.0,-5.0,1.2999999523162842
1.0,407.0,0.8999999761581421,6.5
4.0,456.0,-3.4000000953674316,4.599999904632568
4.0,496.0,-6.5,5.5
4.0,475.0,-1.5,6.0
4.0,672.0,3.0,4.199999809265137
4.699999809265137,702.0,3.799999952316284,4.099999904632568
3.700000047683716,512.0,-5.5,5.300000190734863
5.0,552.0,-3.5999999046325684,3.0999999046325684
2.299999952316284,438.0,-1.2000000476837158,6.800000190734863
4.300000190734863,508.0,-5.0,3.5
4.699999809265137,527.0,-3.0999999046325684,7.400000095367432
5.300000190734863,641.0,-3.200000047683716,4.5
4.0,616.0,0.20000000298023224,3.799999952316284
1.2999999523162842,558.0,0.6000000238418579,3.299999952316284
1.2999999523162842,545.0,0.10000000149011612,3.4000000953674316
4.300000190734863,597.0,-3.5999999046325684,8.199999809265137
1.2999999523162842,646.0,4.699999809265137,1.399999976158142
5.699999809265137,592.0,-5.5,4.599999904632568
5.0,628.0,-2.799999952316284,4.099999904632568
3.0,398.0,-2.5999999046325684,10.699999809265137
4.0,479.0,-4.099999904632568,4.900000095367432
4.699999809265137,605.0,-3.0,5.699999809265137
5.0,740.0,-3.700000047683716,7.400000095367432
5.300000190734863,720.0,-0.6000000238418579,4.400000095367432
5.300000190734863,815.0,-2.299999952316284,3.0
5.300000190734863,734.0,-5.400000095367432,3.200000047683716
5.699999809265137,695.0,-2.5,2.700000047683716
4.0,481.0,-5.800000190734863,7.199999809265137
4.300000190734863,473.0,-2.0,4.400000095367432
5.0,463.0,-5.800000190734863,5.0
5.699999809265137,467.0,-5.699999809265137,5.400000095367432
4.0,552.0,-3.200000047683716,10.199999809265137
1.2999999523162842,553.0,4.599999904632568,4.0
4.300000190734863,536.0,-6.0,4.300000190734863
2.299999952316284,605.0,5.800000190734863,1.2999999523162842
0.30000001192092896,473.0,0.8999999761581421,1.0
0.699999988079071,461.0,-1.7999999523162842,1.2000000476837158
1.0,457.0,2.5,0.800000011920929
5.699999809265137,499.0,-2.200000047683716,6.900000095367432
2.700000047683716,471.0,-0.20000000298023224,6.699999809265137
3.0,489.0,4.099999904632568,8.300000190734863
4.699999809265137,581.0,-2.299999952316284,5.300000190734863
5.300000190734863,542.0,-0.4000000059604645,7.699999809265137
3.0,514.0,1.7000000476837158,5.900000095367432
1.0,313.0,5.699999809265137,14.100000381469727
5.300000190734863,778.0,-7.5,4.0
5.300000190734863,779.0,-0.800000011920929,2.200000047683716
2.700000047683716,672.0,2.5,2.0999999046325684
1.0,450.0,4.900000095367432,6.800000190734863
4.0,724.0,2.0999999046325684,3.9000000953674316
4.0,662.0,0.5,2.5
0.30000001192092896,440.0,5.800000190734863,9.100000381469727
2.700000047683716,437.0,2.799999952316284,8.199999809265137
4.300000190734863,562.0,2.5999999046325684,10.699999809265137
2.0,443.0,3.200000047683716,6.699999809265137
2.299999952316284,473.0,4.699999809265137,7.300000190734863
3.0,673.0,2.0999999046325684,2.799999952316284
0.30000001192092896,352.0,1.2000000476837158,6.0
5.0,638.0,-0.20000000298023224,6.0
5.0,751.0,-1.399999976158142,2.0999999046325684
5.300000190734863,708.0,-2.700000047683716,2.0999999046325684
2.700000047683716,311.0,-2.799999952316284,5.5
1.7000000476837158,371.0,4.400000095367432,6.699999809265137
1.0,389.0,1.100000023841858,1.2999999523162842
0.30000001192092896,382.0,-0.20000000298023224,1.399999976158142
0.699999988079071,372.0,-2.5999999046325684,2.0999999046325684
0.30000001192092896,381.0,1.5,1.7999999523162842
5.300000190734863,581.0,-5.900000095367432,4.199999809265137
5.300000190734863,594.0,-2.799999952316284,4.800000190734863
4.699999809265137,809.0,-0.5,4.860000133514404
4.699999809265137,770.0,-1.899999976158142,1.600000023841858
0.0,585.0,3.9000000953674316,4.400000095367432
0.0,586.0,4.0,4.300000190734863
4.0,516.0,-0.800000011920929,10.100000381469727
6.0,656.0,-3.799999952316284,3.5999999046325684
4.0,642.0,1.7999999523162842,3.5999999046325684
